participants:
- fitness_score: 0.8182005012468554
  genetic_signature: null
  turtle_id: e1f3f145
- fitness_score: 1.4053734997870133
  genetic_signature: null
  turtle_id: 5b7e0e53
- fitness_score: 1.4307501184623643
  genetic_signature: null
  turtle_id: 96509f83
- fitness_score: 1.262440591272582
  genetic_signature: null
  turtle_id: 4c21ba27
results: []
timestamp: 1770512009.6819382
track_info:
  checkpoints: 9
  height: 600
  total_distance: 2202.1841887804203
  width: 800
