participants:
- fitness_score: 1.4307501184623643
  genetic_signature: null
  turtle_id: 96509f83
- fitness_score: 1.4025602974331541
  genetic_signature: null
  turtle_id: 9e48d4b9
- fitness_score: 1.4390459973269742
  genetic_signature: null
  turtle_id: fd1c6878
- fitness_score: 1.4053734997870133
  genetic_signature: null
  turtle_id: 5b7e0e53
results: []
timestamp: 1770511943.2273266
track_info:
  checkpoints: 9
  height: 600
  total_distance: 2202.1841887804203
  width: 800
